houzi 16 123456 465546126541235464 1 200 0
benny 19 040712 468124651534681365 1 200 0
dalao 46 123456 468155644541685468 1 200 0
zcd 29 123456 468546554156656556 1 200 0
Rebecca 63 123456 844848484865465841 1 200 0
Sindy 53 123456 545641511361654165 1 103260 0
XuYong 34 123456 656451586485655661 1 655 0
YangJun 21 123456 468848548484848888 1 103260 0
SuHan 6 121205 488845554465465455 1 103260 0
knight 17 123456 666666666666666666 1 200 1
libai 99 20040712 510106200308936666 1 102360 0
dufu 33 20020022 998244353 1 22 0
huanhuan 28 998244353 99999999 1 540 2
juan 1 xxxxxx 510104999933332893 1 500 7
hi 12 hihihi 510106200407139999 1 290 1
langss 20 xxxxxx 517832200005127788 1 570 2
admin 1 123456 509378322234572 2 0 0
wuheng 19 978459 522401200403050052 2 800 0
chen 25 654321 511923169802310061 2 800 2
Benny 19 040712 510106200407120144 2 800 0
2 2 2 2 2 0 0
1 1 1 1 1 5555340 3
